0.090850830078125
0.17239046096801758
0.2533564567565918
0.3353440761566162
0.41729235649108887
0.49871206283569336
0.5783493518829346
0.6532635688781738
0.7343471050262451
0.8158125877380371
0.8962740898132324
0.9772918224334717
1.0578300952911377
1.1391808986663818
1.2205963134765625
1.3023321628570557
1.383300542831421
1.4647760391235352
1.546149730682373
1.627457857131958
1.7085587978363037
1.790140151977539
1.8718297481536865
1.952892780303955
2.032717227935791
2.1134262084960938
2.193958044052124
2.274958372116089
2.3567559719085693
2.4379475116729736
2.5181524753570557
2.600698947906494
2.6817922592163086
2.7634549140930176
2.844446897506714
2.924262523651123
3.005345344543457
3.0855166912078857
3.1652817726135254
3.2465624809265137
3.327833890914917
3.4091830253601074
3.4912736415863037
3.5720229148864746
3.65346097946167
3.7342872619628906
3.8146982192993164
3.8966424465179443
3.9782304763793945
4.0595831871032715
4.141176223754883
4.2225422859191895
4.3041160106658936
4.38582444190979
4.466938018798828
4.54838228225708
4.629597902297974
4.710737705230713
4.79200553894043
4.873058557510376
4.9547669887542725
5.036093711853027
5.1164326667785645
5.1982581615448
5.279306888580322
5.360483169555664
5.442173480987549
5.5238001346588135
5.605158567428589
5.687127351760864
5.768685340881348
5.849506855010986
5.930568218231201
6.012467384338379
6.093698978424072
6.174900531768799
6.255596876144409
6.337182521820068
6.418601036071777
6.500145673751831
6.581930875778198
6.662739038467407
6.74314284324646
6.824902534484863
6.906216859817505
6.987927436828613
7.069391965866089
7.150789976119995
7.232385158538818
7.314101696014404
7.395810842514038
7.47700572013855
7.5587615966796875
7.640974521636963
7.722697734832764
7.8030171394348145
7.883720636367798
7.965022087097168
8.047029495239258
8.129079103469849
8.210658311843872
8.292327165603638
8.373048067092896
8.453319787979126
8.53467082977295
8.615708351135254
8.696905136108398
8.777101516723633
8.858081579208374
8.938553810119629
9.019011497497559
9.100182294845581
9.181123495101929
9.262003898620605
9.344095945358276
9.426186561584473
9.508182764053345
9.589797019958496
9.671208143234253
9.752542495727539
9.834500074386597
9.91586947441101
9.996739625930786
10.077543497085571
10.15832257270813
10.239435911178589
10.320425748825073
10.401445150375366
10.48221731185913
10.56284236907959
10.644467115402222
10.726041793823242
10.807721138000488
10.889442205429077
10.97063398361206
11.051838636398315
11.1327383518219
11.214229583740234
11.295142412185669
11.376449346542358
11.45729374885559
11.53869342803955
11.619655847549438
11.70128345489502
11.782233953475952
11.86377215385437
11.944319725036621
12.025410652160645
12.107009410858154
12.189175605773926
12.270691156387329
12.351439237594604
12.432775974273682
12.513356924057007
12.594377994537354
12.676411390304565
12.757086515426636
12.838356256484985
12.919459819793701
13.000479698181152
13.081782341003418
13.163845777511597
13.245651245117188
13.326021909713745
13.407295227050781
13.488321304321289
13.569960355758667
13.651154279708862
13.732873916625977
13.81372857093811
13.895257234573364
13.976016759872437
14.057417392730713
14.139690637588501
14.220781087875366
14.30155062675476
14.381969690322876
14.463145971298218
14.544795989990234
14.62578272819519
14.705643892288208
14.786635160446167
14.867658138275146
14.94924545288086
15.029454469680786
15.110357284545898
15.191959381103516
15.273784399032593
15.35489296913147
15.436375617980957
15.51837158203125
15.598618745803833
15.680076122283936
15.761421918869019
15.842313528060913
15.92310643196106
16.005074739456177
16.086010932922363
16.16631245613098
16.247620105743408
16.328808784484863
16.409860372543335
16.48960518836975
16.57074213027954
16.652106761932373
16.733895778656006
16.81455373764038
16.896466732025146
16.977595329284668
17.05813717842102
17.139358282089233
17.22008514404297
17.30021595954895
17.382165908813477
17.4645676612854
17.545861959457397
17.62700891494751
17.709429264068604
17.791133880615234
17.872894525527954
17.954330921173096
18.034956216812134
18.116554498672485
18.19824242591858
18.280123710632324
18.36165189743042
18.443378448486328
18.5250985622406
18.60608148574829
18.687358617782593
18.767885446548462
18.848846912384033
18.930628538131714
19.012972831726074
19.094358444213867
19.175350666046143
19.256373167037964
19.337414503097534
19.418652057647705
19.499889612197876
19.580455780029297
19.66118812561035
19.742194890975952
19.8234920501709
19.90455961227417
19.986205577850342
20.067067861557007
20.147632837295532
20.229511737823486
20.311436653137207
20.393022537231445
20.474395513534546
20.55567455291748
20.635921478271484
20.716889142990112
20.797277212142944
20.87925100326538
20.95956039428711
21.03925323486328
21.12014079093933
21.2011399269104
21.282371759414673
21.36358642578125
21.444536209106445
21.52632784843445
21.606287717819214
21.687869787216187
21.768869161605835
21.850241899490356
21.93084406852722
22.012211799621582
22.09352397918701
22.174405574798584
22.255882501602173
22.33643126487732
22.416964530944824
22.497782945632935
22.57906174659729
22.660176515579224
22.741339921951294
22.821463346481323
22.902684211730957
22.98427653312683
23.065799236297607
23.146637439727783
23.22796893119812
23.30942130088806
23.390376329421997
23.470544815063477
23.551676988601685
23.633318424224854
23.714152336120605
23.796038150787354
23.877736568450928
23.959812879562378
24.040724754333496
24.12221908569336
24.20274806022644
24.285019397735596
24.366916179656982
24.449132919311523
24.53056001663208
24.612723112106323
24.6940701007843
24.775026321411133
24.856513261795044
24.93844771385193
25.020511150360107
25.101439476013184
25.183011054992676
25.264729976654053
25.346354246139526
25.427849769592285
25.508216619491577
25.58979558944702
25.67128610610962
25.75262141227722
25.83261489868164
25.913719415664673
25.994903326034546
26.076155185699463
26.157635927200317
26.23853611946106
26.320162773132324
26.40091848373413
26.481732606887817
26.56218457221985
26.643173456192017
26.724467992782593
26.806218147277832
26.887309312820435
26.96864652633667
27.05019450187683
27.13143515586853
27.2132830619812
27.295018911361694
27.376630306243896
27.457972526550293
27.53895401954651
27.61995244026184
27.70086669921875
27.782442092895508
27.863488912582397
27.945212364196777
28.027323007583618
28.10922932624817
28.1900691986084
28.272045850753784
28.3536479473114
28.43463945388794
28.51604986190796
28.59656834602356
28.677388429641724
28.759509563446045
28.84048819541931
28.921208381652832
29.001843452453613
29.082715034484863
29.165141582489014
29.24686884880066
29.328662872314453
29.410183429718018
29.49157404899597
29.573991298675537
29.655418872833252
29.7362699508667
29.817994594573975
29.90005850791931
29.9964861869812
