0.14643549919128418
0.22691845893859863
0.3079385757446289
0.3886089324951172
0.46976757049560547
0.5509674549102783
0.6240627765655518
0.705092191696167
0.7859971523284912
0.866802453994751
0.9475889205932617
1.0288903713226318
1.1091597080230713
1.1903250217437744
1.2709429264068604
1.3521034717559814
1.4333875179290771
1.5141289234161377
1.5950133800506592
1.676013708114624
1.7568707466125488
1.837742805480957
1.9198710918426514
2.000861883163452
2.081756591796875
2.163541793823242
2.244981288909912
2.3266091346740723
2.4077141284942627
2.4897642135620117
2.5711376667022705
2.652198314666748
2.732861280441284
2.8143718242645264
2.8954648971557617
2.975525140762329
3.056769847869873
3.1375374794006348
3.2189998626708984
3.29999041557312
3.37992787361145
3.4613916873931885
3.5427346229553223
3.6244916915893555
3.7059173583984375
3.7881357669830322
3.8711628913879395
3.9524118900299072
4.03256630897522
4.114403247833252
4.196157693862915
4.277458190917969
4.357981443405151
4.439319610595703
4.520929574966431
4.602511644363403
4.682826995849609
4.764488458633423
4.8457190990448
4.926751613616943
5.00815486907959
5.089509963989258
5.171024560928345
5.251960515975952
5.333533763885498
5.415294170379639
5.496814250946045
5.5786473751068115
5.6592326164245605
5.740809202194214
5.821837425231934
5.903723955154419
5.984189033508301
6.065708875656128
6.147151470184326
6.228465557098389
6.309662103652954
6.390559196472168
6.471567869186401
6.551281690597534
6.632476568222046
6.712698459625244
6.793874979019165
6.875184535980225
6.956810235977173
7.038078308105469
7.119420051574707
7.200760841369629
7.2821784019470215
7.364197492599487
7.445087909698486
7.525904178619385
7.607012748718262
7.688475847244263
7.769464015960693
7.850346088409424
7.931375980377197
8.013018608093262
8.094434976577759
8.1759934425354
8.256985187530518
8.337722778320312
8.418996572494507
8.499285697937012
8.579250574111938
8.660319089889526
8.741451025009155
8.821581840515137
8.903065204620361
8.985075235366821
9.066225528717041
9.147407293319702
9.228506326675415
9.309057712554932
9.390806198120117
9.471837759017944
9.553538799285889
9.633454084396362
9.715243816375732
9.79650354385376
9.877643346786499
9.959357976913452
10.039817810058594
10.120326519012451
10.201642036437988
10.281826257705688
10.36175012588501
10.443588733673096
10.52371621131897
10.605048656463623
10.686970233917236
10.768454313278198
10.849573373794556
10.931036949157715
11.01231575012207
11.092705011367798
11.173625469207764
11.253691911697388
11.335671424865723
11.416550874710083
11.497697353363037
11.578491687774658
11.659449815750122
11.74032735824585
11.821176528930664
11.90180253982544
11.982723951339722
12.063803911209106
12.145206689834595
12.226126670837402
12.308037519454956
12.388892412185669
12.470852613449097
12.551169395446777
12.632507085800171
12.713579893112183
12.795478105545044
12.876938104629517
12.958537817001343
13.038691520690918
13.120113611221313
13.202215433120728
13.283379554748535
13.36501932144165
13.446254014968872
13.527071475982666
13.607491731643677
13.687976598739624
13.769416093826294
13.850754737854004
13.932110071182251
14.01403260231018
14.095257997512817
14.176363706588745
14.257560968399048
14.339246988296509
14.420795917510986
14.502115964889526
14.58335018157959
14.664615631103516
14.745706558227539
14.826860427856445
14.907891511917114
14.988516569137573
15.069495677947998
15.150518894195557
15.230043888092041
15.311721563339233
15.393112182617188
15.474043607711792
15.555074214935303
15.63506293296814
15.716150522232056
15.7976815700531
15.879355430603027
15.960005521774292
16.041163206100464
16.12195611000061
16.20342230796814
16.284464597702026
16.365991830825806
16.447669506072998
16.52918529510498
16.609054565429688
16.690508365631104
16.77250862121582
16.853299617767334
16.934476613998413
17.01537823677063
17.095912218093872
17.17726492881775
17.258522987365723
17.340420246124268
17.421297550201416
17.502983331680298
17.58380699157715
17.66456913948059
17.746152877807617
17.827821016311646
17.909133434295654
17.990663290023804
18.07191801071167
18.15394902229309
18.236218690872192
18.316165924072266
18.39712357521057
18.47721552848816
18.558648109436035
18.640018701553345
18.72048044204712
18.80175256729126
18.882643222808838
18.96417498588562
19.04562735557556
19.12688422203064
19.208235263824463
19.28847646713257
19.369571447372437
19.450026273727417
19.530612230300903
19.612152576446533
19.693498611450195
19.77472996711731
19.85650658607483
19.937941551208496
20.019189596176147
20.100574731826782
20.18194031715393
20.263152837753296
20.34488558769226
20.426164627075195
20.50733256340027
20.58920645713806
20.670976400375366
20.752655744552612
20.833401679992676
20.913883209228516
20.995197296142578
21.07622742652893
21.15808606147766
21.238866806030273
21.319376230239868
21.399959087371826
21.480677366256714
21.562548875808716
21.64397096633911
21.72389006614685
21.805126667022705
21.886961221694946
21.967920064926147
22.048895120620728
22.12957215309143
22.21110773086548
22.292162895202637
22.374104499816895
22.455944538116455
22.536407232284546
22.618077993392944
22.70012140274048
22.781387090682983
22.862420558929443
22.944666385650635
23.025974988937378
23.107999086380005
23.18829870223999
23.270018339157104
23.35136103630066
23.432827949523926
23.514080047607422
23.595535278320312
23.676544904708862
23.75635075569153
23.837563276290894
23.918503522872925
23.999649047851562
24.08064913749695
24.16169500350952
24.242640256881714
24.322142362594604
24.402381420135498
24.483290672302246
24.56483554840088
24.64648962020874
24.727005004882812
24.808037996292114
24.888861179351807
24.970414400100708
25.051443338394165
25.132869720458984
25.21381187438965
25.29404926300049
25.375112295150757
25.456482410430908
25.538323402404785
25.619837522506714
25.701057195663452
25.782780170440674
25.864420175552368
25.945361137390137
26.02639937400818
26.10779905319214
26.18844747543335
26.269972562789917
26.351303815841675
26.432557821273804
26.513415098190308
26.594298124313354
26.675495862960815
26.756388187408447
26.83816909790039
26.91922163963318
27.000844717025757
27.081779956817627
27.163405418395996
27.24483585357666
27.326823472976685
27.40815043449402
27.48965883255005
27.57048535346985
27.651585340499878
27.732698440551758
27.81414771080017
27.896668434143066
27.977339029312134
28.057716608047485
28.138649225234985
28.218578815460205
28.299539804458618
28.380722999572754
28.462409734725952
28.543060779571533
28.62449812889099
28.70578646659851
28.785663604736328
28.86821150779724
28.95003867149353
29.03237247467041
29.11374258995056
29.195659160614014
29.276795148849487
29.35831332206726
29.439076900482178
29.520758152008057
29.601757049560547
29.683253526687622
29.76517677307129
29.846094131469727
29.92820405960083
30.0091392993927
30.08979892730713
