0.17809176445007324
0.25943636894226074
0.3411283493041992
0.4232773780822754
0.5057556629180908
0.5867094993591309
0.6451449394226074
0.7255091667175293
0.8064792156219482
0.8875842094421387
0.9676721096038818
1.049560308456421
1.130859613418579
1.2111210823059082
1.2926647663116455
1.3737938404083252
1.4538421630859375
1.535351037979126
1.6198060512542725
1.7003955841064453
1.7818918228149414
1.8640813827514648
1.9454975128173828
2.0276172161102295
2.108764410018921
2.190424919128418
2.271282196044922
2.351724863052368
2.4325690269470215
2.5141875743865967
2.5962507724761963
2.6771674156188965
2.7582931518554688
2.839505672454834
2.9219937324523926
3.0030558109283447
3.0842883586883545
3.1647138595581055
3.2452261447906494
3.326704263687134
3.407991647720337
3.489208221435547
3.5703649520874023
3.652144432067871
3.732612133026123
3.813307285308838
3.895054578781128
3.975968360900879
4.057283401489258
4.138938665390015
4.219935655593872
4.30162501335144
4.382047414779663
4.462364673614502
4.54245138168335
4.622503995895386
4.703537702560425
4.784756898880005
4.865865230560303
4.947147846221924
5.028226852416992
5.109340190887451
5.190229415893555
5.271285533905029
5.351524353027344
5.433001279830933
5.514385223388672
5.595703840255737
5.675853729248047
5.757991075515747
5.839527368545532
5.9209160804748535
6.001152515411377
6.082520484924316
6.1633758544921875
6.245057821273804
6.327002763748169
6.408553123474121
6.489556550979614
6.571152448654175
6.65261173248291
6.733497381210327
6.814825057983398
6.896253347396851
6.977731466293335
7.058286190032959
7.140122175216675
7.220709800720215
7.302451133728027
7.383444786071777
7.4642415046691895
7.544438362121582
7.625807285308838
7.706658840179443
7.787693977355957
7.868852615356445
7.949573278427124
8.031951665878296
8.11293649673462
8.194535255432129
8.275774955749512
8.35770058631897
8.439032554626465
8.519866943359375
8.601171255111694
8.68176555633545
8.763192892074585
8.844756603240967
8.925616264343262
9.005617141723633
9.08601450920105
9.166717290878296
9.24812650680542
9.329854011535645
9.41033124923706
9.49105191230774
9.57235050201416
9.653886556625366
9.735580682754517
9.816940784454346
9.897659301757812
9.97879934310913
10.060059785842896
10.14106011390686
10.222282648086548
10.303121328353882
10.383829832077026
10.465625524520874
10.54758334159851
10.628980875015259
10.709692478179932
10.790517807006836
10.871864080429077
10.952471733093262
11.033080816268921
11.11322021484375
11.194471836090088
11.275799989700317
11.35660195350647
11.437524318695068
11.519050121307373
11.598758935928345
11.67985987663269
11.760921716690063
11.842018365859985
11.924294233322144
12.006367206573486
12.087564706802368
12.169244289398193
12.25093150138855
12.332321643829346
12.412818670272827
12.49436330795288
12.574703693389893
12.656607389450073
12.738052368164062
12.819368839263916
12.900919198989868
12.98237419128418
13.063442707061768
13.144846200942993
13.225803136825562
13.30733585357666
13.389194250106812
13.469666481018066
13.55094861984253
13.63208556175232
13.71373701095581
13.794946908950806
13.875928163528442
13.956351280212402
14.038175821304321
14.119072198867798
14.200249671936035
14.280366897583008
14.361759901046753
14.443490505218506
14.525361776351929
14.606618165969849
14.688106298446655
14.769763469696045
14.851414680480957
14.93379807472229
15.015753746032715
15.095937967300415
15.17696213722229
15.258328676223755
15.339423894882202
15.420937061309814
15.501768589019775
15.583139657974243
15.664849996566772
15.74585747718811
15.826011896133423
15.906665802001953
15.988912105560303
16.07008123397827
16.15118145942688
16.232645750045776
16.31361413002014
16.3949453830719
16.47664523124695
16.55823516845703
16.639559507369995
16.72110366821289
16.801558256149292
16.88277554512024
16.964377641677856
17.04631018638611
17.128002882003784
17.208070993423462
17.28981590270996
17.370498418807983
17.45170497894287
17.53289246559143
17.614028692245483
17.69457483291626
17.775680541992188
17.857667207717896
17.939621686935425
18.02071261405945
18.102332830429077
18.183730363845825
18.26338028907776
18.343348026275635
18.42468810081482
18.506673574447632
18.587538242340088
18.668127298355103
18.74805998802185
18.82980465888977
18.910462856292725
18.99023461341858
19.07150363922119
19.151834726333618
19.232856512069702
19.31386947631836
19.394978046417236
19.475422143936157
19.557032346725464
19.639150381088257
19.720935583114624
19.801352739334106
19.882183074951172
19.9630708694458
20.044344902038574
20.125651836395264
20.207613706588745
20.28922200202942
20.370632886886597
20.45176863670349
20.532728672027588
20.613654136657715
20.69687271118164
20.778526306152344
20.85862159729004
20.938503980636597
21.019832611083984
21.100237369537354
21.18153405189514
21.262070655822754
21.342938661575317
21.425045490264893
21.506592512130737
21.58771800994873
21.668311595916748
21.75008511543274
21.831092596054077
21.912384033203125
21.99325466156006
22.073498010635376
22.15492844581604
22.236042499542236
22.317973852157593
22.398757696151733
22.479362726211548
22.561253547668457
22.64155912399292
22.723159790039062
22.80412006378174
22.88606023788452
22.967397689819336
23.048731327056885
23.130118131637573
23.21124005317688
23.293094396591187
23.373902320861816
23.455572843551636
23.536230087280273
23.6178719997406
23.699302673339844
23.78054141998291
23.861839532852173
23.943666458129883
24.025242567062378
24.10670232772827
24.18914771080017
24.270294189453125
24.352606534957886
24.434413194656372
24.51611852645874
24.596718788146973
24.67770004272461
24.759093761444092
24.84040904045105
24.920377016067505
25.00094962120056
25.082514762878418
25.1627254486084
25.244218826293945
25.324652194976807
25.404499292373657
25.486076593399048
25.56807851791382
25.650302410125732
25.731661319732666
25.812970399856567
25.893882989883423
25.97490692138672
26.056869506835938
26.136861562728882
26.21867275238037
26.299578189849854
26.381365537643433
26.462931871414185
26.54436230659485
26.624936819076538
26.705729007720947
26.78734278678894
26.868095874786377
26.949825525283813
27.03041672706604
27.111186265945435
27.191884517669678
27.27443289756775
27.354576587677002
27.436066389083862
27.517619132995605
27.59848380088806
27.679185152053833
27.760860919952393
27.84191131591797
27.922815561294556
28.004186153411865
28.08573627471924
28.167358875274658
28.24791955947876
28.329413175582886
28.41065287590027
28.492055654525757
28.572551012039185
28.654645681381226
28.73542618751526
28.816378831863403
28.89802575111389
28.9798321723938
29.060981273651123
29.143308401107788
29.22487998008728
29.30574059486389
29.386589765548706
29.46796441078186
29.549166679382324
29.630611896514893
29.711225271224976
29.791764736175537
29.872226238250732
29.95342445373535
30.035648584365845
30.117417335510254
