0.13110637664794922
0.21159029006958008
0.2918388843536377
0.3726356029510498
0.45426225662231445
0.5364706516265869
0.61842942237854
0.7010464668273926
0.7824108600616455
0.8644886016845703
0.9457626342773438
1.0275259017944336
1.1095309257507324
1.1914844512939453
1.2724933624267578
1.3538224697113037
1.435455560684204
1.5159411430358887
1.5974409580230713
1.6791489124298096
1.7607643604278564
1.8413119316101074
1.9226703643798828
2.0033137798309326
2.084451675415039
2.1654372215270996
2.247377395629883
2.328936815261841
2.4100561141967773
2.491145133972168
2.571425199508667
2.652503728866577
2.733677864074707
2.815314531326294
2.896940231323242
2.978607654571533
3.0592610836029053
3.141068935394287
3.2221381664276123
3.3037397861480713
3.3845291137695312
3.4654221534729004
3.5465259552001953
3.6275951862335205
3.708433151245117
3.7898061275482178
3.8703835010528564
3.9521572589874268
4.033890008926392
4.115326881408691
4.196730136871338
4.277355432510376
4.3583831787109375
4.439429044723511
4.5208752155303955
4.6019978523254395
4.68315052986145
4.764056921005249
4.844978094100952
4.926784515380859
5.007667303085327
5.088923931121826
5.170276880264282
5.235701084136963
5.317173957824707
5.399538278579712
5.480758190155029
5.561247825622559
5.642299652099609
5.723206281661987
5.804779767990112
5.886138677597046
5.966850757598877
6.046800851821899
6.127960920333862
6.209167957305908
6.290228605270386
6.371598958969116
6.452690839767456
6.5339813232421875
6.6156957149505615
6.697088003158569
6.7779881954193115
6.859557390213013
6.940646409988403
7.021052360534668
7.103085994720459
7.184559106826782
7.265240430831909
7.3468992710113525
7.428056240081787
7.508542537689209
7.590070009231567
7.670023202896118
7.751354217529297
7.831610441207886
7.912460803985596
7.99250340461731
8.073169708251953
8.154614210128784
8.236156225204468
8.318079948425293
8.399299144744873
8.481797456741333
8.56346321105957
8.644854307174683
8.725871562957764
8.807568550109863
8.88917589187622
8.970696687698364
9.052319526672363
9.1327383518219
9.214089393615723
9.294349670410156
9.375767946243286
9.457284212112427
9.537427186965942
9.618864297866821
9.700416564941406
9.78166675567627
9.863155603408813
9.944436073303223
10.025223731994629
10.10690712928772
10.188760757446289
10.270133018493652
10.351507663726807
10.433228969573975
10.51412844657898
10.595257759094238
10.677069425582886
10.757548570632935
10.83894157409668
10.920186519622803
11.001651048660278
11.082504987716675
11.164530515670776
11.246007919311523
11.327171325683594
11.408819913864136
11.489089012145996
11.570404291152954
11.651008605957031
11.730560064315796
11.811652660369873
11.893019676208496
11.974138975143433
12.055224657058716
12.136558294296265
12.21849799156189
12.300196647644043
12.381685972213745
12.463927745819092
12.545594692230225
12.627185344696045
12.708765983581543
12.790407419204712
12.870720148086548
12.951426029205322
13.03276252746582
13.114189386367798
13.194945335388184
13.276293516159058
13.357019424438477
13.439172267913818
13.520095586776733
13.601222038269043
13.682089567184448
13.763282299041748
13.844655752182007
13.926152229309082
14.006867408752441
14.087525129318237
14.168989896774292
14.251014709472656
14.332417964935303
14.413746118545532
14.493613004684448
14.574183702468872
14.655454158782959
14.736684560775757
14.817790985107422
14.898761510848999
14.979413747787476
15.060346841812134
15.141237497329712
15.223392724990845
15.304769515991211
15.385088205337524
15.466626405715942
15.548555612564087
15.629842758178711
15.711768627166748
15.793847560882568
15.874379396438599
15.955455780029297
16.03655505180359
16.116321325302124
16.197972774505615
16.27903127670288
16.3600971698761
16.441978931427002
16.52236580848694
16.603670835494995
16.683772802352905
16.764665603637695
16.845472812652588
16.927148580551147
17.009188175201416
17.090282440185547
17.170026779174805
17.25155282020569
17.332765102386475
17.414461135864258
17.495559215545654
17.57644534111023
17.657970428466797
17.739128589630127
17.82113790512085
17.90097427368164
17.98153829574585
18.061310052871704
18.14309549331665
18.22315263748169
18.304686546325684
18.385854244232178
18.466605186462402
18.54663848876953
18.627830982208252
18.708965063095093
18.789795875549316
18.871596097946167
18.95323371887207
19.034230709075928
19.11543917655945
19.1968355178833
19.278292179107666
19.359980821609497
19.441431283950806
19.52302885055542
19.604174852371216
19.68635654449463
19.768101930618286
19.849685192108154
19.93107032775879
20.012588024139404
20.093181133270264
20.174731254577637
20.255939960479736
20.337061643600464
20.41897678375244
20.499839067459106
20.58067536354065
20.661476850509644
20.74284529685974
20.823846101760864
20.904319286346436
20.984945058822632
21.065703868865967
21.147693157196045
21.22945547103882
21.310617208480835
21.391658782958984
21.473191261291504
21.555046558380127
21.63673210144043
21.71816635131836
21.799743175506592
21.881004810333252
21.96255588531494
22.043983697891235
22.125634908676147
22.207335472106934
22.288041353225708
22.36880898475647
22.44998598098755
22.530988931655884
22.612199306488037
22.69339919090271
22.77410101890564
22.8555805683136
22.93689250946045
23.01874876022339
23.100135326385498
23.18079948425293
23.261415481567383
23.34253168106079
23.424447298049927
23.504672050476074
23.585010290145874
23.66655445098877
23.74777102470398
23.829904317855835
23.91185760498047
23.993528127670288
24.075228691101074
24.15627360343933
24.236939430236816
24.31825590133667
24.399702787399292
24.48092007637024
24.56155037879944
24.643147468566895
24.72427201271057
24.805649042129517
24.887386560440063
24.969338417053223
25.050992488861084
25.13241481781006
25.21276831626892
25.29466152191162
25.376224756240845
25.458037853240967
25.539518356323242
25.6209659576416
25.702399492263794
25.783510208129883
25.864230394363403
25.946271419525146
26.028146266937256
26.109225034713745
26.19075345993042
26.271613121032715
26.35313081741333
26.43383526802063
26.515243768692017
26.596043348312378
26.677398443222046
26.758940935134888
26.841198921203613
26.921902418136597
27.00279951095581
27.084089517593384
27.166113138198853
27.24716567993164
27.32783269882202
27.40885591506958
27.49036979675293
27.571431875228882
27.653264045715332
27.734906435012817
27.81599187850952
27.896958827972412
27.978361129760742
28.059510231018066
28.140980005264282
28.22159719467163
28.302550792694092
28.385385274887085
28.46514916419983
28.546191692352295
28.62792682647705
28.70997190475464
28.791271209716797
28.872129678726196
28.95349645614624
29.03551173210144
29.11609411239624
29.197221994400024
29.278196334838867
29.360482454299927
29.441828727722168
29.52394962310791
29.605014324188232
29.68651294708252
29.76780605316162
29.84799361228943
29.92834234237671
30.00961422920227
30.09171485900879
