0.15435481071472168
0.2361898422241211
0.3167881965637207
0.39886975288391113
0.48126864433288574
0.5630195140838623
0.6446123123168945
0.7113676071166992
0.8001766204833984
0.881091833114624
0.9632623195648193
1.0436973571777344
1.124457597732544
1.2056097984313965
1.2871246337890625
1.3677959442138672
1.4494245052337646
1.5306684970855713
1.6114208698272705
1.69209623336792
1.7739462852478027
1.8553404808044434
1.9376029968261719
2.0183517932891846
2.0984692573547363
2.180002450942993
2.261676788330078
2.3425278663635254
2.4236109256744385
2.5042543411254883
2.585345983505249
2.6670281887054443
2.7489168643951416
2.8300886154174805
2.9105045795440674
2.9762251377105713
3.057187557220459
3.138143539428711
3.219578742980957
3.300990104675293
3.3822548389434814
3.4634318351745605
3.5445704460144043
3.6258718967437744
3.7073700428009033
3.7888636589050293
3.870009183883667
3.9517784118652344
4.033438682556152
4.114786386489868
4.19586968421936
4.2779295444488525
4.359572649002075
4.441142797470093
4.521176338195801
4.601759195327759
4.683462381362915
4.764206647872925
4.84483528137207
4.9273247718811035
5.007394552230835
5.088551044464111
5.170631408691406
5.252204179763794
5.33391547203064
5.41564154624939
5.496490955352783
5.577365159988403
5.659537315368652
5.740489959716797
5.8214638233184814
5.902709007263184
5.984294652938843
6.065784692764282
6.147244215011597
6.228469610214233
6.3101935386657715
6.391251087188721
6.472670793533325
6.554755926132202
6.636117458343506
6.717553615570068
6.799307346343994
6.880104064941406
6.961082696914673
7.041668176651001
7.124598741531372
7.206145524978638
7.288390398025513
7.3704140186309814
7.451595783233643
7.532546520233154
7.6137001514434814
7.695345401763916
7.776634454727173
7.857862234115601
7.939157962799072
8.020725011825562
8.101896524429321
8.183712005615234
8.265065908432007
8.346416234970093
8.426709413528442
8.507762670516968
8.590266227722168
8.671241521835327
8.752474546432495
8.83406686782837
8.916648864746094
8.99912405014038
9.080977201461792
9.163189888000488
9.244282007217407
9.32614517211914
9.407171726226807
9.488577127456665
9.570269584655762
9.651857852935791
9.733421325683594
9.814857721328735
9.89621639251709
9.977202415466309
10.058842897415161
10.140368223190308
10.220166206359863
10.301527738571167
10.382352828979492
10.463925838470459
10.545703887939453
10.626058578491211
10.70720100402832
10.788548231124878
10.86994457244873
10.952354192733765
11.033262968063354
11.114074468612671
11.195132732391357
11.27708888053894
11.358561754226685
11.439966917037964
11.52182388305664
11.60305643081665
11.683768272399902
11.765240907669067
11.846694231033325
11.927198648452759
12.008341312408447
12.08940839767456
12.169679880142212
12.251387596130371
12.331989526748657
12.412283182144165
12.493753433227539
12.57547903060913
12.657713174819946
12.738751649856567
12.81990933418274
12.901371002197266
12.982376098632812
13.063597440719604
13.144698858261108
13.225715160369873
13.306786298751831
13.388132572174072
13.469436645507812
13.550495624542236
13.631809949874878
13.713350772857666
13.795313835144043
13.877055168151855
13.958528757095337
14.039734363555908
14.121994733810425
14.203681945800781
14.286280155181885
14.367736339569092
14.448951005935669
14.530866146087646
14.612403631210327
14.694430589675903
14.77586054801941
14.857027769088745
14.938707828521729
15.020198583602905
15.101523876190186
15.18275785446167
15.264278411865234
15.346094608306885
15.426701307296753
15.50809097290039
15.59048867225647
15.671740770339966
15.753148794174194
15.834580898284912
15.915995597839355
15.997460842132568
16.078341007232666
16.159680128097534
16.24174690246582
16.32274627685547
16.4049334526062
16.48533034324646
16.566872119903564
16.647133827209473
16.728265047073364
16.809190034866333
16.890578269958496
16.971328258514404
17.05241560935974
17.133390188217163
17.214996814727783
17.29672408103943
17.37786078453064
17.458942651748657
17.539839029312134
17.62110996246338
17.703278064727783
17.784420251846313
17.86560583114624
17.946319580078125
18.027266025543213
18.108479976654053
18.190396308898926
18.271440267562866
18.353516817092896
18.435824632644653
18.517709255218506
18.598926067352295
18.68035626411438
18.761714696884155
18.843395709991455
18.925031900405884
19.00620150566101
19.087798833847046
19.1700918674469
19.250694036483765
19.331947803497314
19.413691997528076
19.495508909225464
19.57602310180664
19.656505346298218
19.737536191940308
19.818559169769287
19.899500846862793
19.980716943740845
20.061827182769775
20.143426656723022
20.224565267562866
20.305692672729492
20.387016773223877
20.46753740310669
20.548938989639282
20.629868745803833
20.71110987663269
20.792353630065918
20.873220682144165
20.953694105148315
21.034374713897705
21.11571478843689
21.19796657562256
21.279584407806396
21.35996103286743
21.44189715385437
21.522794246673584
21.60406255722046
21.685250759124756
21.76651096343994
21.84846043586731
21.92878270149231
22.010241508483887
22.090534925460815
22.171905994415283
22.25426983833313
22.33569645881653
22.417070388793945
22.498616695404053
22.57961392402649
22.661669731140137
22.743569135665894
22.82471752166748
22.90649437904358
22.988136529922485
23.070152282714844
23.152217864990234
23.2330539226532
23.3144748210907
23.39623785018921
23.478384971618652
23.558559894561768
23.639760971069336
23.721506357192993
23.80319046974182
23.884344339370728
23.964625120162964
24.045421838760376
24.12653946876526
24.208994150161743
24.290549993515015
24.37175226211548
24.45319962501526
24.534729719161987
24.615347623825073
24.696330070495605
24.77779746055603
24.859572887420654
24.941028356552124
25.02232551574707
25.103492498397827
25.185099363327026
25.2671480178833
25.348358154296875
25.429551124572754
25.510456562042236
25.592445373535156
25.67435932159424
25.755837440490723
25.838223457336426
25.918586492538452
25.99989128112793
26.081350326538086
26.163421869277954
26.24399423599243
26.324535369873047
26.405384063720703
26.486690521240234
26.568289518356323
26.6495041847229
26.730815410614014
26.811450481414795
26.89267134666443
26.974141597747803
27.056111812591553
27.136996269226074
27.217885971069336
27.299495935440063
27.38068199157715
27.46137523651123
27.542137622833252
27.623716592788696
27.705825090408325
27.786890029907227
27.867275714874268
27.947890520095825
28.02897620201111
28.109779119491577
28.191132068634033
28.27135992050171
28.353049516677856
28.434665203094482
28.5139901638031
28.596439361572266
28.676781177520752
28.758442640304565
28.83890151977539
28.920119762420654
29.00125241279602
29.081992387771606
29.162981748580933
29.244582414627075
29.32645273208618
29.407819986343384
29.489089488983154
29.570651531219482
29.652370929718018
29.733276844024658
29.81459355354309
29.89587426185608
29.977100372314453
