0.13060688972473145
0.21150469779968262
0.2926673889160156
0.37395334243774414
0.4553079605102539
0.5366537570953369
0.6175985336303711
0.6989030838012695
0.7807621955871582
0.8620595932006836
0.9431228637695312
1.0259876251220703
1.1059544086456299
1.187922477722168
1.2692887783050537
1.350694179534912
1.4322216510772705
1.5133514404296875
1.5940604209899902
1.6758358478546143
1.7577335834503174
1.8386385440826416
1.9197571277618408
2.000450849533081
2.081580877304077
2.16422438621521
2.245419979095459
2.326404571533203
2.4073517322540283
2.4875857830047607
2.5696451663970947
2.6514861583709717
2.7322275638580322
2.8136544227600098
2.894785165786743
2.975691556930542
3.0574967861175537
3.1377437114715576
3.2192070484161377
3.3005402088165283
3.3822526931762695
3.4636285305023193
3.5445098876953125
3.6264092922210693
3.7075119018554688
3.788186550140381
3.869790554046631
3.951706647872925
4.032036066055298
4.112795829772949
4.192748546600342
4.27417778968811
4.354486465454102
4.4349730014801025
4.516569375991821
4.582270383834839
4.663250923156738
4.744404315948486
4.825902223587036
4.906960487365723
4.988775014877319
5.078406810760498
5.159514665603638
5.241345643997192
5.321974992752075
5.404144048690796
5.484409809112549
5.56492805480957
5.646500587463379
5.727887868881226
5.808897018432617
